73.42708599935577
74.23496899991733
74.99660200028302
72.33983600053762
77.84973900015757
68.04886999998416
69.50387800043245
72.56742099980329
68.08646999979828
70.54809300007037
77.88427600007708
69.22141700033535
85.72251199984748
69.15369899979851
69.63622800049052
78.47787700029585
68.58706799994252
71.76108499970724
71.90508999974554
73.90814300015336
94.7604359998877
89.3948580005599
69.95029699919542
95.7821519996287
84.40153300034581
65.83882700033428
67.15651900049124
67.03593800011731
74.77763000042614
71.4481059994796
79.99574900077278
70.92964399998891
