61.78106300012587
61.06263299989223
60.37399699926027
60.21432399938931
60.87583999942581
60.477117999653274
60.20007000006444
60.281359999862616
60.367670000232465
61.25066899949161
61.27528499928303
61.18090000018128
60.60952299958444
60.09513800017885
60.54912299987336
61.41361300069548
60.41871900015394
61.26162399959867
60.310501999992994
61.693589000242355
65.45460399956937
61.391163000735105
60.19997699968371
60.34592800006067
61.04493399925559
60.233707999941544
60.324770999613975
61.33836700064421
60.31483599963394
61.0630190003576
60.564262000298186
60.8617329999106
