86.36593099981837
67.96386600035476
67.24626200048078
72.74350799980311
70.48452199978783
79.66785999997228
69.03419599984773
67.85647899960168
90.14171699982398
83.34428600028332
70.29613899976539
67.95403700016323
76.05505799983803
86.00303299954248
94.62137299942697
106.10733599969535
80.40263299972139
66.55102300010185
81.44337199973961
85.44722500028001
90.72809699955542
69.4806340006835
67.9895020002732
97.09819099953165
71.82947899946157
71.29998500022339
72.5121699997544
94.38363699973706
68.29010100045707
67.33917599922279
68.4242790002827
107.46320499947615
71.58136299949547
69.93747900014569
103.2013089998145
76.46715000009863
58.76339899987215
76.82844999999361
70.1341579997461
73.26043699958973
71.5555429997039
64.58538100014266
68.62671899943962
74.84511400070915
71.86019099935947
71.00812999942718
70.32826999966346
73.83453600050416
67.17451700023958
70.89375699979428
65.7023300000219
82.40462699995987
80.30465400042885
71.6433630004758
69.92243700005929
68.41568699928757
77.70804299980227
66.4734789997965
79.53028200063272
75.85575999928551
65.76389800011384
69.6121779992609
82.58085400029813
68.36798099993757
