73.45237499976065
57.7892459996292
54.724829999940994
56.12467300034041
56.866416999582725
54.75963099979708
56.34704099975352
57.867847999659716
54.422420999799215
53.58731199976319
53.54495000028692
57.0143779996215
54.46045900043828
56.94681600016338
54.4029769998815
56.943935999697715
57.867124999575026
54.697945999578224
55.6501750006646
56.85909299972991
54.37405500015302
56.398759000330756
53.42218599980697
56.99001799985126
54.48769899976469
56.99313700006314
57.79272299969307
57.03621600059705
54.7729440004332
56.33875400053512
53.527066000242485
56.952093000290915
54.786985999271565
53.08269299985113
57.03705599989917
54.441614000097616
57.20602100063843
54.7959859995899
56.37211499924888
56.85584899947571
54.777145000116434
55.660132999946654
53.099253000254976
56.97153300025093
58.053605999702995
57.86255699968024
54.57757499971194
57.45538500013936
53.99999800010846
56.9831709999562
57.97608100056095
54.47569200077851
56.94620900067093
56.14458400032163
63.06951900023705
55.78721300025791
56.86112700004742
54.521654000382114
56.27934800031653
56.91332800051896
54.54949500017392
56.45191399980831
58.44649400023627
54.45144799978152
