73.70056099989597
54.719731999284704
56.98172600023099
56.5983270007564
64.86774499990133
58.1552030007515
57.87008400056948
54.90789200030122
57.058045999838214
54.825811999762664
53.666974999941885
57.153445999574615
55.65405000015744
57.002006000402616
54.80121200071153
56.997565999154176
53.26173600042239
57.04712599981576
55.263691000618564
53.53641500005324
57.041726000534254
54.39813300017704
56.902526000158105
56.92196600011812
54.72525200002565
53.23605600005976
56.91632599973673
54.4548930001838
53.514095000537054
56.824045999746886
54.448292999950354
56.82476600031805
