61.72519700066914
61.657219999688095
59.56319400047505
59.67178500031878
60.7000939999125
60.292501000731136
59.90774999918358
60.38469500072097
60.07379399943602
61.103230000298936
62.13459100035834
60.02914900000178
59.88497899943468
60.00027200025215
59.65868099974614
60.85569599963492
60.25750899971172
60.13770699973975
60.98191799992492
60.84797699986666
59.94391199965321
59.94150000060472
60.63826700028585
60.860386999593175
59.843664999789326
59.779361999972025
60.83584699990752
61.25651399997878
60.28325799979939
60.32113200035383
60.13117400016199
60.047918999771355
60.2140099999815
60.14539999978297
61.85104899941507
59.73701099992468
59.953972000585054
61.742973999571404
60.306108000077074
60.256337000282656
59.985236000102304
60.369881999577046
60.17541799974424
61.34670500068751
60.59514499975194
60.293558000012126
60.99576199994772
61.05500400008168
60.21900299947447
60.62266099979752
62.37936399975297
60.3154620002897
60.28222100030689
60.539717999745335
60.613875999479205
60.72029400002066
60.48747099976026
60.7623939995392
60.559888999705436
60.251577000599355
61.00803800018184
60.10065299960843
61.57707800048229
60.92251600057352
