63.85025200052041
58.50385699977778
54.21226900034526
52.55685900010576
58.93297900001926
53.85550699975283
52.66197899982217
58.40641600025265
55.96583999977156
59.44550300046103
59.69162400015193
59.08682100016449
58.83901900051569
59.06773999959114
59.1530599995167
59.578342999884626
52.224575999389344
52.65957900064677
58.160175000011805
58.325295000031474
58.97161900065839
60.09914700007357
54.486950999489636
51.60681199959072
56.982846000209975
59.051060000456346
58.844899000177975
59.12726000042312
59.76350499986438
58.80817799970828
59.07937900065008
54.030827000133286
52.63197800013586
59.4830619993445
59.26958100008051
59.27606099976401
59.2663410006935
58.790297999621544
59.15989900040586
59.67554300059419
59.31146100010665
54.71795199991902
52.65213799975754
59.456781999870145
54.37942899970949
52.642417999777535
58.87633800011827
54.1505880000841
52.63305799962836
59.82938400029525
54.235307999988436
52.59405700053321
58.921337999890966
52.818939000644605
52.47453699939797
57.44688899994799
58.63621600019542
59.796142999402946
58.581854999829375
59.00473800011241
59.71874300030322
58.919177999996464
58.37005400007911
59.889623999879404
