313.7609120003617
398.9379230006307
294.40681300002325
391.4978550001251
280.8118030006881
304.4035909988452
269.9484639997536
279.75028599939833
282.8353380009503
287.1820079999452
314.8565609990328
307.3416040006123
279.3778729992482
298.835429999599
281.1252539995621
304.9925129998883
286.7650780008262
287.65519999979006
383.8529069998913
296.706979001101
293.7035040013143
334.0179970000463
289.2795349998778
330.28746799936926
325.69043599869474
295.02929499903985
317.6229519995104
318.56455199886113
317.43853599982685
329.9506469993503
304.40402300155256
307.1240939989366
