215.11864800049807
214.69426900148392
211.59144100056437
212.1663489997445
212.34536100018886
211.62074899984873
212.0879630001582
211.79443599976366
211.94110099895624
212.34039800037863
211.95320500009984
212.0316320015263
212.99969400024565
212.18234499974642
212.69359700090718
212.74387199991907
212.37590000055206
212.80513599958795
212.60957999948005
213.561311000376
212.3358240005473
212.25482000045304
212.26199200100382
212.29486199990788
212.32391300145537
212.14336900084163
212.37784900040424
212.11770999980217
212.03613000034238
212.72562599915545
212.24382400032482
212.08381299948087
212.7293350004038
212.0487949996459
212.0829510004114
212.22913700148638
212.4152430005779
212.58730000045034
212.69275000122434
212.22349500021664
212.62772900081472
212.42571299990232
212.6000929984002
212.4784579991683
212.50703499936208
212.23308499975246
212.32777700060979
212.39668899943354
212.4264909998601
213.09600199856504
212.300402999972
212.30167800058553
212.42235499994422
212.9304720001528
222.77773799942224
211.90093600125692
212.08817200022168
212.03792900087137
212.19133400154533
211.7195980008546
212.15699399908772
212.36281599885842
211.9294849999278
212.23413799998525
