64.62167300014698
59.449034999488504
58.95247099942935
55.02508200061129
52.796306000345794
58.53918800039537
54.89236199991865
52.770025999961945
58.67250899973442
54.73624100068264
52.833986000223376
59.438113999931375
54.402037999352615
52.76618599964422
58.62510899987683
54.519878999599314
52.82210600034887
59.59987500045827
54.123155000525
52.78442599956179
58.956429999852844
54.26463599997078
52.268542000092566
58.678748000602354
54.7619199996916
52.84682599994994
58.56258800031355
54.720399999496294
52.83542600045621
60.992124999756925
58.03614400065271
58.36338599965529
