276.8230530000437
305.58303500038164
320.23463000041374
327.4962070008769
303.3237569998164
289.85243200077093
275.1012989992887
287.2230719985964
291.95442400123284
318.4103219991812
304.7066899998754
283.1953370005067
310.5767009983538
286.25611899951764
301.10552099904453
278.6367890003021
307.57914900095784
361.02016999939224
308.1211219996476
315.1367840000603
314.3258039999637
345.55669499968644
343.82919300151116
313.88031000096817
346.39802200035774
324.9085580009705
315.5174169987731
320.4624629997852
392.33468000020366
310.9396920008294
342.1160489997419
350.3594699996029
312.8128619991912
291.4429630000086
342.77634200043394
301.57542300003115
401.7058770004951
296.18522000055236
310.66048499997123
352.3748260013235
295.629699001438
322.89724400106934
348.43732499939506
313.29095599903667
294.5267649993184
322.4721309998131
307.7739010004734
315.1352590011811
303.2287309997628
329.2626640013623
298.2160500014288
313.46870200104604
319.2144749991712
312.5263009987975
314.15406899941445
310.09258900121495
304.93499700060056
339.5023230004881
328.2093950001581
442.6726400015468
320.9734980009671
333.3658680003282
346.96784800144087
356.7718359990977
