215.39019599913445
215.28292000039073
211.9419740010926
212.2442729996692
213.15377599967178
212.40502600085165
212.53633299966168
213.1669480004348
212.73500499955844
212.16329199887696
213.83881300062058
212.11740199942142
217.20674099924508
213.5725599982834
212.33848300107638
212.39087499998277
214.22714899927087
212.61129699996673
212.17890700063435
212.17622599942842
212.18283999951382
211.78198699999484
211.79329699953087
212.36442000008537
211.95280699976138
212.26767900043342
211.92896899992775
211.51981199909642
212.1876870005508
211.7114569991827
211.61300200037658
211.86676199977228
