81.378347999987
87.29686200001652
84.67503200000692
106.48085799999762
84.12563199999568
87.9561909999893
85.94985999997107
83.05007600000636
93.22213799998735
77.06962499997871
73.58094999995046
76.61118800001532
80.5970929999944
99.0855620000275
75.3333900000257
81.15752700001622
88.30748499997298
92.90948599999638
79.39883199998121
88.9337029999524
77.2459970000341
80.10527700002967
74.84668400002192
85.43625200002225
75.3345900000113
80.34173800001554
78.6426009999559
78.78859900000634
77.93560800001842
75.58434399999214
72.46450500002766
84.9385029999894
77.54168700000719
70.96118700002307
78.58550499997818
87.99842299998772
80.78493499999695
78.34979400001885
83.360282000001
78.99064200000794
75.49327800001038
88.32051100000626
87.25863600000139
83.22713100000101
89.78193799998735
83.81047399996078
75.78732100000707
87.464333000014
77.76663000004191
84.13181200000963
86.6864410000403
83.049496000001
80.04200700003139
82.18197799999416
82.35590099997125
94.49667399996997
81.08118900003092
91.25893400005225
88.38362599999527
88.17507600002727
81.85609299999896
87.46823799998538
96.38157099999489
83.21053099996334
