73.84900199940603
56.82987299951492
54.59967100068752
57.14823299967975
54.54183100118826
55.59567199998128
53.550631000689464
56.93067299944232
54.4697109999106
56.90895299994736
58.07859300148266
54.74091100040823
56.854352998925606
58.0921529999614
54.66411100132973
53.50407100013399
56.885433001298225
54.38787200000661
57.017793000341044
57.03015299877734
53.4272709992365
56.820752999556134
54.7203919995809
56.79411299934145
53.530831000898615
56.85687400000461
54.357271999833756
53.52087200117239
56.96955300118134
54.67851200046425
56.814392999513075
54.82191199916997
