83.2225869999661
79.11138100001835
133.89511899998752
90.40101699997649
74.33161699998436
76.49495300000808
90.57119300001659
70.14959099996076
72.80486199999814
74.36892700002318
85.14516899998625
78.35241399999404
75.95820699998512
82.4528379999947
75.83684799999446
74.08951399997932
87.96028000000433
81.99365099994793
73.20674699997198
87.8243360000397
81.02574299999787
79.45381399997586
79.3226899999695
83.81232199997157
77.26577800002588
87.13935800000172
86.71139800003402
77.04825600001186
78.44290599996384
78.82774500001233
75.61544700001832
94.54905799998414
