73.61286000013934
59.41528899893456
54.55492500004766
57.14524700124457
54.78904600022361
56.85016700044798
54.15364500004216
56.84836699947482
54.52516500008642
56.48836699947424
60.46133100062434
54.59608599994681
56.78116700073588
53.50288400040881
56.84824699892488
57.87292799868737
54.73264600004768
56.800727999871015
58.0751279994729
58.1352480003261
58.115687999816146
58.22332899879257
54.5052460001898
56.87080799907562
58.12648800019815
54.76684599852888
56.81080800059135
54.82192599993141
56.57188799887081
54.61564600045676
56.8842480006424
54.903046000617906
56.97268800031452
57.95824800043192
55.12816599912185
56.997886998942704
58.123488999626716
57.34840799959784
57.053567999901134
54.68872600067698
55.92844800048624
56.47408799995901
54.60556599973643
53.42908600141527
56.88028799886524
54.60316599965154
56.10544799856143
53.49364599896944
56.90104800123663
54.70792599953711
53.47864500072319
55.38688700107741
56.87932799992268
54.71848600063822
56.95012900105212
54.716926999390125
53.055284999572905
57.06184900009248
57.81604900039383
53.87716600125714
56.86540900023829
53.916045999358175
56.83528900044621
54.491926999617135
