62.39209199998186
64.5696619999967
60.870929999964574
63.08033800002022
60.59521899999254
60.52201099998911
62.738504000037665
60.64607600001182
61.52854600003366
61.39431600001899
61.13943999997673
62.818194000044514
61.111295999978665
63.022612999986904
60.8431769999811
62.18562600002997
61.19187499996315
61.32574000002933
62.063000000023294
60.90795199997956
61.037234000025364
61.714619999975184
61.56936399997903
62.88643700003149
61.54452999999194
62.91685700000471
61.461614999984704
63.1978879999906
61.514272000010806
63.01584999999932
62.21050900001046
62.557798000000275
61.65405100000498
61.648348000005626
61.306687000012516
62.95153799999298
61.757669000030546
62.458997000021554
61.06770700000652
60.89537399998335
62.98748000000387
61.72672700000703
61.46874600000274
61.25067200002832
62.271383999984664
61.10840799999551
61.745121999990715
62.32442600003196
63.25476400002117
61.33349100002761
60.99507600004017
61.27546199996914
62.184037999998054
61.27675899995211
63.24969899998223
61.2617470000032
63.02972399998907
61.16431699996383
63.457078999988425
61.49445599999126
62.98733699998138
61.23173000003135
63.17866500000946
61.582232000034764
