64.17689900001733
62.00631600000861
62.162763999992876
66.11697300002106
61.590170999977545
62.60918599997467
62.13942699997688
61.64766699998836
61.839729999974224
62.51024900001312
62.495388000002094
62.5789819999909
61.23615199999222
61.1351329999934
61.89628099997435
61.24751300001208
63.39764799997738
61.348964999979216
60.983442999997806
62.00916000000234
61.27067399995667
61.74807799999371
61.404354999979205
60.74136400002317
62.62849800003778
60.772792000022946
62.254162999977325
60.809062000032554
60.75844899999083
63.20529599997826
60.80078599995886
61.306497999964904
