63.69833800090419
56.187397000030614
58.12936300026195
54.7175129995594
52.60814699977345
58.89280499832239
58.75108400141471
59.35768600102165
59.643767001034576
58.27216299985594
59.467246001077
59.602246999929775
59.893968000324094
58.914764998917235
59.67436700120743
59.259405999910086
58.7141240011988
59.94232800003374
59.41528600124002
58.3896440002718
56.044717000986566
59.56732699996792
59.3928460002644
58.428163998542004
59.27140600033454
59.84740799976862
60.14536899965606
58.90660499972
59.14876599854324
58.29472299956251
55.007073999149725
52.59182700137899
