63.6196329996892
57.96533600005205
52.97248100032448
52.534360000208835
59.02458000127808
54.41608599903702
52.597480000258656
59.36670099981711
58.230656999512576
59.03129999933299
51.00039599892625
55.89785000120173
51.69699700127239
51.65415699957521
51.64791700008209
52.60660000021744
59.041618998890044
58.64477900104248
59.41182099923026
59.354101000280934
58.900260000882554
59.1426600003615
59.98626300061005
58.85057900013635
59.138701000847504
60.23682300110522
59.180340000239084
59.1783010004292
58.80989899924316
59.10186000073736
59.25486100022681
59.280780998960836
59.30802100010624
59.31606100057252
59.300700999301625
59.83446199934406
58.862219000729965
57.656335999126895
57.57077599992044
59.36418099918228
58.64801900133898
54.77956699905917
52.60156100121094
59.56674200024281
54.42460599988408
52.586920999601716
59.02385999979742
53.94460500065179
52.618120000261115
59.290261000569444
54.097125999760465
52.60300099871529
59.392381001089234
55.635530001381994
58.93505999847548
58.99398000110523
59.83362299957662
58.897139999317005
59.52642199918046
54.6624470007373
52.61692100066284
59.213700998952845
53.95792499984964
51.594758000646834
