216.91737100002229
216.57463799999732
213.40650900003766
215.58248299993465
213.38355800003228
213.02326900001844
213.21388700005173
213.14837299996725
213.23909399995955
212.95657399991796
212.8401310000072
213.45411999993757
212.7486620000809
212.74344300002213
213.46654200010562
212.93924700000844
213.58748900001956
216.18446900004074
213.18097699997907
213.26129400006266
213.182608000011
213.7198709999666
213.05191900000864
213.1575769999472
213.13278499997068
212.76954899997236
213.0123829999775
212.89159299999483
212.52301200001966
213.08787999998913
212.46874399992066
212.62837500000842
