215.64626199995018
215.52169500000673
212.81069099995875
214.65809199992236
212.39240900001732
213.07208100006392
212.97924299994975
212.98672099999294
213.28963700000259
213.7510969999994
213.3401959999901
213.41657200002828
213.74534899996434
213.27684400000635
213.5005000000092
213.1002810000382
215.98163999999542
213.30082300005415
212.74024900003496
213.62462899992352
215.94272799995906
212.76174199999787
213.43954300004953
213.48260699994626
214.0838770000073
214.65153100007228
218.21011699989867
212.8562329999113
213.2360109999354
212.67387700004292
216.03674299990416
213.4092779999719
213.15034899998864
213.31277000001592
213.39473199998338
213.080892999983
213.47981299993535
214.51040799991006
212.97886199999994
212.90425999995932
213.0292899998949
212.38088400002653
212.70264899999347
212.83224799992695
212.8134060000093
212.18725099993208
212.3583499999313
212.08184299996446
213.0521010000166
212.20026899993627
211.6729279999845
212.52560899995387
212.1769889999996
212.3397699999714
212.22916600004282
212.52580800000942
212.2853240000495
212.62864700008777
212.56955299998026
212.60531799998716
212.83526299998812
212.3514160000468
212.8281779999952
213.40568299990537
