370.8133469999666
340.53594700003487
319.0856359999543
329.5999109999457
334.2258139999785
309.450446000028
318.3991009999545
318.3004699999401
314.08630800001447
318.77152300000944
325.0556550000283
338.7323299999707
347.30099199998676
311.43095599998105
314.91570800005775
356.8903269999737
320.2011289999973
329.5024709999552
324.084217999939
331.8479509999861
330.85901799995554
336.56084799997643
353.27757000004567
315.065570999991
344.2905399999745
333.8879130000123
351.6664580000679
322.4185459999944
349.1467300000295
330.0482199999806
344.48444600002404
347.249703999978
