316.419580999991
348.6121290000028
336.4231489999838
314.1868989999921
322.0296669999243
311.4477240000042
320.345159999988
314.361043999952
322.0699699999159
332.67576200000804
336.343018999969
319.6188759999359
327.6223950000485
330.30526400000326
307.0921649999718
294.2567910000662
294.85388199998397
300.12253899997177
340.6196989999444
317.440440999917
305.1416140000356
312.40934899994954
314.5025670000905
326.23745099999724
319.2464559999735
323.54067199992187
348.17921299998034
381.5004420000605
309.24513299999035
357.73242300001584
308.5789399999612
317.9366699999946
344.04543300001933
331.8567640000083
343.24923600001966
315.20114099998864
355.6195399999069
323.87440399998013
330.12382599997636
342.7526039999975
429.4220720000794
345.4453580000063
313.29629499998646
356.5580089999685
327.5631589999648
349.7085249999827
358.79169399993316
332.53309700000955
339.50329699996473
309.22027799999796
321.9867380000778
339.8345340000333
351.23331199997665
343.7647729999753
337.57209399993826
361.0575269999572
320.4763979999825
369.7177949999286
307.89609099997506
321.38326400001915
323.47796399994877
331.6920710000204
373.78054300006625
341.13831700005903
